3.909327046340688727e-01
5.127757353246059635e-01
5.687380116004163710e-01
6.080562659846547868e-01
6.332201087261404293e-01
6.558943415236899721e-01
6.736213235599001203e-01
6.892103580257776807e-01
6.978021099439362107e-01
7.119205563574495521e-01
7.204763427414857535e-01
7.286325127572355065e-01
7.341592072525902068e-01
7.410326087871170753e-01
7.453604540251710375e-01
7.520780051150894874e-01
7.594149617282935916e-01
7.617527174827692926e-01
7.674592391914113465e-01
7.727981138107417047e-01
7.776694374011300370e-01
7.794916879795396047e-01
7.837276214833759358e-01
7.897378517233807349e-01
7.903053069968357658e-01
7.934103260564682181e-01
7.962755754475703274e-01
8.010789642248616893e-01
8.019021738825551360e-01
8.042319374316183600e-01
8.076926151200023440e-01
8.102022058823529216e-01
8.099424552429667079e-01
8.163043478565752409e-01
8.164761828644501174e-01
8.189578006029738511e-01
8.222786125624576004e-01
8.236492966751918221e-01
8.245324489405697621e-01
8.267103581477308616e-01
8.298713235599001203e-01
8.298313619230713867e-01
8.332121163377981254e-01
8.346387468030690426e-01
8.375959079283887831e-01
8.398337595907928721e-01
8.390784847461963958e-01
8.440177429972401946e-01
8.427869246134063186e-01
8.454203963889490581e-01
8.461037404701837739e-01
8.477661445012787400e-01
8.508391944343781654e-01
8.533407928388746511e-01
8.535885550177005898e-01
8.533767583729970907e-01
8.557904411459822391e-01
8.579044117951941661e-01
8.588914642553500123e-01
8.603580563574495521e-01
8.610294118256824891e-01
8.627797314882887925e-01
8.642862852272170660e-01
8.694892903727948763e-01
8.673633312630226744e-01
8.693534207466008246e-01
8.707720588540177609e-01
8.727741367981561860e-01
8.722866049508000152e-01
8.768342391914113465e-01
8.761748721837387954e-01
8.766544118256824891e-01
8.778093030385654139e-01
8.775335678359126312e-01
8.796435422299767604e-01
8.826526534526853984e-01
8.812060421690002254e-01
8.849944054623088974e-01
8.855298913043477826e-01
8.866927750275263032e-01
8.883032289612323718e-01
8.871043798563730265e-01
8.876878196930946263e-01
8.916799872732528165e-01
8.937500000304883230e-01
8.924512468335573656e-01
8.935102302095164761e-01
8.965353261479331870e-01
8.952125958774400649e-01
8.980578644501279184e-01
8.988491048288467233e-01
9.006273976677213744e-01
8.997802110889073779e-01
9.010909527463986102e-01
9.035366049508000152e-01
9.030210997747338819e-01
9.026094949458871586e-01
9.045476343320764112e-01
9.062859655341224396e-01
9.087356138412300277e-01
9.077605498416344565e-01
9.073689258312021000e-01
9.095228581172426496e-01
9.116408248691607596e-01
9.126798274267055033e-01
9.143582161735085423e-01
9.139905690841967356e-01
9.163043479175518868e-01
9.185461956826622698e-01
9.181785485933503521e-01
9.193973785166240642e-01
9.180906329618390149e-01
9.187579923273657689e-01
9.197690217086421649e-01
9.221347506393862137e-01
9.233216112836852840e-01
9.229539641943733663e-01
9.254076087566287523e-01
9.264106457800511674e-01
9.274776215138642588e-01
9.270540282244572605e-01
9.254835357751383107e-01
9.286964514371379709e-01
9.317295397334086626e-01
9.303348785471123872e-01
9.319213555596977949e-01
9.321651214833759358e-01
9.322610294727413649e-01
9.312500000914649689e-01
9.331801471198001297e-01
9.338355178723249939e-01
9.348625319693094626e-01
9.338994565827157812e-01
9.376918158262891323e-01
9.367287404396954509e-01
9.375479539946827146e-01
9.368765985264497775e-01
9.400775255754475479e-01
9.398657289307440488e-01
9.419437340458335362e-01
9.416280370539106270e-01
9.412963554987212600e-01
9.423233695957057288e-01
9.432624680611788603e-01
9.447170717027181253e-01
9.461317135549872637e-01
9.462196291864984898e-01
9.440217391609231345e-01
9.462835677444477733e-01
9.457600703629691630e-01
9.475743287359662537e-01
9.475143862807232642e-01
9.482576726647593546e-01
9.505554667824064330e-01
9.485933504750966305e-01
9.489010549567239439e-01
9.493206521434247591e-01
9.507512788638434742e-01
9.476422633966217202e-01
9.524696292474751358e-01
9.525055946291559605e-01
9.529211957131504818e-01
9.526015026185213896e-01
9.537324169102836535e-01
9.524816177080354107e-01
9.538203325417949907e-01
9.535725703629691630e-01
9.540680947206209295e-01
9.548473466387794595e-01
9.552909207466008246e-01
9.552189898307975602e-01
9.546835038363171710e-01
9.553228900255754663e-01
9.560741687674656486e-01
9.567135549567239439e-01
9.570692135854754756e-01
9.573649297589841289e-01
9.559382992937132117e-01
9.564378197540712723e-01
9.568134590487955560e-01
9.566855819328971000e-01
9.579643543114138016e-01
9.586117327060845739e-01
9.575767264036876281e-01
9.566855819328971000e-01
9.570332480513531470e-01
9.580362852272170660e-01
9.573609335038363310e-01
9.571051791195979153e-01
9.584798593350383200e-01
9.589194373401535021e-01
9.579243926745851789e-01
9.589993606138107474e-01
9.570132672329387802e-01
9.574888107721762909e-01
9.577925191510974212e-01
9.579603580562660037e-01
9.567575128487003644e-01
9.566096547619461488e-01
9.577046036720275879e-01
