1.657876218676262114e+00
1.346412477590848811e+00
1.199367512979775841e+00
1.101985821791012343e+00
1.026204770788207377e+00
9.715971657077370205e-01
9.227285693063760341e-01
8.859397980868054523e-01
8.544410108910192037e-01
8.204145420847646086e-01
7.972433353628953778e-01
7.739541402558232086e-01
7.559544453230659933e-01
7.355613938682828978e-01
7.226870674306474784e-01
7.036459835441520871e-01
6.856367782406185274e-01
6.756564291846721693e-01
6.626263264652407781e-01
6.473724285659887556e-01
6.390416653412381853e-01
6.275043697155955336e-01
6.187373782362779462e-01
6.047819930574168668e-01
5.956334542587894409e-01
5.875085847609488043e-01
5.815649412934432716e-01
5.683736757701619569e-01
5.648437111883821693e-01
5.550309051485622369e-01
5.475264074247511159e-01
5.373955851473162237e-01
5.373564268774388974e-01
5.228591225946040977e-01
5.195780984123649082e-01
5.157322601589096056e-01
5.034647126636846437e-01
4.998203150908965275e-01
4.928664620727529200e-01
4.903604093262606822e-01
4.839771431120460377e-01
4.775465630814242357e-01
4.699826142214753033e-01
4.667410047920158567e-01
4.595843106889359042e-01
4.506729631625173149e-01
4.529691780619609087e-01
4.455946432355115117e-01
4.383032610425559028e-01
4.366574312948509617e-01
4.321150592221018605e-01
4.294473193490596641e-01
4.236142192502765913e-01
4.131993552303070416e-01
4.144983273332991103e-01
4.100660080723750323e-01
4.038290086838290383e-01
4.011434869235738776e-01
3.975115858990213025e-01
3.937178044139271749e-01
3.873177871603490363e-01
3.817617149304246005e-01
3.824339760538866817e-01
3.683553185609295677e-01
3.744631049501926379e-01
3.649163435944510758e-01
3.605387778690709033e-01
3.578769340920631148e-01
3.529716617311053350e-01
3.493804770052585384e-01
3.472425169347192475e-01
3.443373842617434843e-01
3.418324347728353696e-01
3.399164074141046155e-01
3.390680769139238770e-01
3.293692861752741674e-01
3.268141439732383247e-01
3.213140240791813596e-01
3.166481596429634449e-01
3.153459449177202778e-01
3.129046131354158988e-01
3.117689230405460976e-01
3.118263784119540416e-01
3.025151063566622334e-01
2.975890404351836938e-01
2.941150284560440364e-01
2.978125181420684942e-01
2.915769073816821266e-01
2.879790242980508341e-01
2.828474267364463057e-01
2.808791066679503512e-01
2.771746286040986385e-01
2.752631682035563410e-01
2.736361414727652708e-01
2.710982051385028013e-01
2.668534144949730180e-01
2.716884916395787553e-01
2.620161900206295358e-01
2.602362541095984971e-01
2.511101562691771538e-01
2.543392259332225014e-01
2.536132309747778923e-01
2.491044973778297755e-01
2.462611306277687206e-01
2.437477514833745473e-01
2.363983843561328624e-01
2.333441003013754789e-01
2.312992886852120455e-01
2.289747465258973880e-01
2.289966181720919092e-01
2.242703435518552668e-01
2.256963668233903098e-01
2.246980543255500951e-01
2.195834603417864961e-01
2.159349600143749826e-01
2.124898778012646317e-01
2.119905758658638395e-01
2.111202677345032086e-01
2.056516170920923148e-01
2.010557790241583043e-01
2.024380370707767884e-01
2.056771990702585262e-01
1.996806299366304660e-01
1.898295044174889423e-01
1.920936280275549746e-01
1.875180489457476674e-01
1.899030839314546082e-01
1.903737929204235846e-01
1.883646030636394741e-01
1.834870426322492976e-01
1.861493073956435873e-01
1.817547517073581365e-01
1.830553413199646762e-01
1.741258894829341430e-01
1.734825658428547079e-01
1.730710930760254451e-01
1.739338477954382733e-01
1.666800407192591260e-01
1.655381661089485035e-01
1.626572096077225082e-01
1.600644701753583532e-01
1.633292685460556448e-01
1.605902117060120926e-01
1.578090838573472932e-01
1.542025873785280998e-01
1.508410580151373637e-01
1.514238283476408709e-01
1.542633202813013249e-01
1.501593980318902399e-01
1.508558492945588081e-01
1.477274239501532305e-01
1.450770708358348760e-01
1.428545599855730319e-01
1.378989491678412338e-01
1.424150849737779445e-01
1.411818432743134621e-01
1.401230209242657343e-01
1.376179494154270433e-01
1.428586791181351012e-01
1.358219427068519947e-01
1.327690282060057236e-01
1.321533804716508997e-01
1.312700023641214242e-01
1.270107218276356753e-01
1.317791421147411213e-01
1.314657717238149337e-01
1.299194529785981933e-01
1.277644557454397090e-01
1.256994888510392927e-01
1.271459969699077763e-01
1.269290790704967475e-01
1.281472632609060025e-01
1.266089904853297532e-01
1.225198671278898699e-01
1.201671695960757069e-01
1.226437931018107413e-01
1.195728527786939083e-01
1.234922638005765266e-01
1.207922456019064894e-01
1.203955880573490955e-01
1.212415391641199769e-01
1.202835532672265062e-01
1.145392908140673988e-01
1.217040900722184127e-01
1.219907927200617331e-01
1.203592683348204406e-01
1.180518995446469821e-01
1.183961745437301372e-01
1.206669622408154674e-01
1.176554413269395444e-01
1.175539370845345849e-01
1.173169632320818639e-01
1.166193194620673279e-01
1.187167177095894977e-01
1.189330689361333265e-01
1.167231793979854604e-01
1.170828581389868617e-01
1.175259696438794299e-01
1.199045735399436458e-01
1.179275392838146364e-01
