1.729671916083606709e+00
1.366224498699998069e+00
1.207074241869894760e+00
1.094783064654416105e+00
1.025417661727846763e+00
9.585778313829466102e-01
9.155089681410728542e-01
8.675958912085999231e-01
8.348315966403697663e-01
8.057841882681298085e-01
7.791234562768960537e-01
7.449151125862775169e-01
7.248222000153777822e-01
7.087932747343311801e-01
6.897305365261214849e-01
6.737704629178546956e-01
6.565955225616464386e-01
6.392594386092231851e-01
6.261646268160446782e-01
6.123719101061906311e-01
6.010927187512292713e-01
5.920677998334246128e-01
5.760272171948571662e-01
5.625055516924699628e-01
5.543466087649849827e-01
5.458523261425135553e-01
5.374795226642238299e-01
5.278270605884854971e-01
5.209724461788411976e-01
5.099065403651703576e-01
5.001619139595714358e-01
4.928836647201986776e-01
4.838158386899992225e-01
4.791180900753001515e-01
4.731939204056244686e-01
4.636925426895356361e-01
4.569179565095535800e-01
4.469575745522823551e-01
4.432037594678152059e-01
4.354690829734972901e-01
4.282987762213972815e-01
4.258276964240061968e-01
4.144337547328466043e-01
4.080941248732759541e-01
4.067185911376153262e-01
3.989172864066975466e-01
3.922327177603835979e-01
3.853607604570705725e-01
3.812124021827717479e-01
3.741052187693393316e-01
3.700501977482720251e-01
3.659804345625440880e-01
3.569364701314350352e-01
3.571232210111130456e-01
3.527922164982237319e-01
3.478892263015517794e-01
3.382515267795309089e-01
3.348639887159742812e-01
3.284296941040726892e-01
3.209113060970745224e-01
3.215770690566133738e-01
3.134854312443062230e-01
3.173256232534223398e-01
3.116885176323868634e-01
2.988483943140415322e-01
2.976522653761421999e-01
3.003184310234416343e-01
2.885746421754512570e-01
2.873609280952102440e-01
2.785571542618524576e-01
2.834395822661612274e-01
2.727929387632233582e-01
2.725955302757985255e-01
2.640097573056550129e-01
2.626622172687059775e-01
2.563402189127624298e-01
2.574264376288484812e-01
2.483147157122716775e-01
2.468128686823198581e-01
2.458831065374871838e-01
2.412763779501780892e-01
2.348220224118293675e-01
2.274649008879880974e-01
2.299551258763998796e-01
2.272967180746900406e-01
2.202063793187860885e-01
2.194186729733901275e-01
2.144267762370426766e-01
2.095338707537297285e-01
2.145763662693750407e-01
2.041224641987429977e-01
2.039383929556287944e-01
2.015851495782737535e-01
1.921247786001476221e-01
1.955502039331304398e-01
1.874825141923811833e-01
1.870687853573533288e-01
1.818345619741912889e-01
1.824778592037727687e-01
1.715136889911368645e-01
1.772066725565649425e-01
1.722147280964857474e-01
1.689850228559940382e-01
1.631114897234818006e-01
1.651055576456020024e-01
1.583394622596938361e-01
1.550953539702898398e-01
1.561493443806305503e-01
1.555815207131226174e-01
1.470533251819555742e-01
1.465591782575373092e-01
1.444572764818015942e-01
1.394224346370038503e-01
1.388682028483551878e-01
1.358181314681039809e-01
1.376000301783804336e-01
1.309559591819563218e-01
1.270665938268079886e-01
1.281414512935501737e-01
1.232260525550531310e-01
1.215385778537949046e-01
1.226978568869935837e-01
1.201590711198499417e-01
1.206134016985249968e-01
1.172982142604601652e-01
1.113472838917046875e-01
1.113867443960036147e-01
1.098715689442956583e-01
1.076501525100082429e-01
1.073148221520664192e-01
1.006704474110966113e-01
9.849107948124713463e-02
9.762194909898520845e-02
9.591377013460601619e-02
9.305531952215735647e-02
9.379803657989062293e-02
9.482739061650717616e-02
9.013880507263076491e-02
9.132318855608667629e-02
8.665943157185068690e-02
8.521761121633260327e-02
8.101607815545919244e-02
8.357666072237979193e-02
8.178193900314971454e-02
7.931249259073105962e-02
7.873772017067046103e-02
7.639386934344954971e-02
6.965920929332523881e-02
7.262204837558976223e-02
7.240406467157708970e-02
7.143558282881518062e-02
7.058122046434742169e-02
6.803273988406524642e-02
6.753172890504684223e-02
6.273677400396683590e-02
6.561669783638146569e-02
6.101426834483509448e-02
6.240967956974225600e-02
6.274442968990111280e-02
5.848176424127177198e-02
6.037324494051048845e-02
5.793251672192760438e-02
5.703092034420241541e-02
5.560015982536174739e-02
5.630817929225619134e-02
5.496700531076591928e-02
5.348398363756020485e-02
5.536196967515417955e-02
5.315765569967877829e-02
5.420825581597473602e-02
5.308081429747059377e-02
5.299968151208918343e-02
5.175097662803081200e-02
4.811901736008884767e-02
4.871501480979497506e-02
4.894500860439427586e-02
4.910698128730782430e-02
4.941420602169164372e-02
4.733651413408386521e-02
4.607429339364647186e-02
4.799832092941073991e-02
4.661844744849616418e-02
4.890031553804874420e-02
4.578577571779565702e-02
4.483449754431424739e-02
4.536205423576638446e-02
4.407849847255727177e-02
4.512067960903925340e-02
4.410243872553110123e-02
4.458600628163541385e-02
4.551021480882811582e-02
4.371166930895994257e-02
4.308478653018869842e-02
4.227162869480412255e-02
4.494798273000570610e-02
4.364464603974233664e-02
4.130793447889711395e-02
4.302431857975586027e-02
4.704036774313853642e-02
4.610304261350532673e-02
