3.313419117647058987e-01
4.091711956674180528e-01
4.408367966751918221e-01
4.621763107416879679e-01
4.823369565217391353e-01
5.011069373706417140e-01
5.194013746803068932e-01
5.260909527463986102e-01
5.412284207466008246e-01
5.569733056570868035e-01
5.627597506393862137e-01
5.700367647973473284e-01
5.805826406649616800e-01
5.850663363476238388e-01
5.959478900255754663e-01
6.026054988126925416e-01
6.097546355498720816e-01
6.185581841127342217e-01
6.198929028437875077e-01
6.290601023932551605e-01
6.344269501888538665e-01
6.356657609305418344e-01
6.397578324503301328e-01
6.444013746803068932e-01
6.493206522653779400e-01
6.538682865059893823e-01
6.555946292474751358e-01
6.607536765010765256e-01
6.646819053708440395e-01
6.693094628851127270e-01
6.737412084703859882e-01
6.750879156619996602e-01
6.800671355498720816e-01
6.820452365728900679e-01
6.832400895750431191e-01
6.858695652478795646e-01
6.895140665571403149e-01
6.949568415236899721e-01
6.930107097796467386e-01
6.964593990074704477e-01
6.980578644806162414e-01
7.044876919073217447e-01
7.030650575447570105e-01
7.045875959993933568e-01
7.092111572585142465e-01
7.123281649311484776e-01
7.115049552734550309e-01
7.164801790586212693e-01
7.164162405006720968e-01
7.174992007977517572e-01
7.177909207161125016e-01
7.195212595603045491e-01
7.249160805321714918e-01
7.231457800511509326e-01
7.248601343320764112e-01
7.274016943734015195e-01
7.299272698514601698e-01
7.324288682559566555e-01
7.359095269151966212e-01
7.391743926745851789e-01
7.400095907928389005e-01
7.417199488186165812e-01
7.410765665266519919e-01
7.419517264341759510e-01
7.454683504750966305e-01
7.485533887163147160e-01
7.465912724090049135e-01
7.524696291255219549e-01
7.488451087871170753e-01
7.513866688284422946e-01
7.533008312935109974e-01
7.519541241018973254e-01
7.583879476313091228e-01
7.577485614420508275e-01
7.578244884605602749e-01
7.617287404092071279e-01
7.627078005115089931e-01
7.641903773293166058e-01
7.635310103216439437e-01
7.634191176165705528e-01
7.654891305262475631e-01
7.669237531969309574e-01
7.734654731762683477e-01
7.744445332785701019e-01
7.760789642858383353e-01
7.736133312630226744e-01
7.759271099439362107e-01
7.748601343625646232e-01
7.768302430277285175e-01
7.786005435087491877e-01
7.821491368286445089e-01
7.802189898003092372e-01
7.814657928998512970e-01
7.831481777493606300e-01
7.846787084094093423e-01
7.874680307820020042e-01
7.866568094324273286e-01
7.899016943734015195e-01
7.879555626293582860e-01
7.902453645415927763e-01
7.923673273962171804e-01
7.910605818414322421e-01
7.925231778408254879e-01
7.938459079588771061e-01
7.970468350078748765e-01
7.929667519486468530e-01
7.984335038363171710e-01
7.985214194678285082e-01
7.976262787418901823e-01
8.015105498721227795e-01
8.026934144137155558e-01
8.009111253196931068e-01
8.021898976982096974e-01
8.053268861892582953e-01
8.057744565522274582e-01
8.064897699124368158e-01
8.089034526854219642e-01
8.096387468640456886e-01
8.097706202350919424e-01
8.121723145475168160e-01
8.092351342406114423e-01
8.141823850019508368e-01
8.169037724090049135e-01
8.159646739435317819e-01
8.157888426805091076e-01
8.157728581172426496e-01
8.173913044088026991e-01
8.209359016259918373e-01
8.183104220558615749e-01
8.217511189258311921e-01
8.210038362866471928e-01
8.199288683474216244e-01
8.229939259226669579e-01
8.229779412069588851e-01
8.234335039277820290e-01
8.246403452380538512e-01
8.263546995189793298e-01
8.270859974424552563e-01
8.250199807879260439e-01
8.289322250944268777e-01
8.293797954573960407e-01
8.312659847461963958e-01
8.324608375959079432e-01
8.307185102911556207e-01
8.321771100354011796e-01
8.335437980454291074e-01
8.362611893497770010e-01
8.368566176470588758e-01
8.345987851662404200e-01
8.366488171050615597e-01
8.396819054013322514e-01
8.383032289307440488e-01
8.399096867617439344e-01
8.367167519181585300e-01
8.381034207466008246e-01
8.390305307515136812e-01
8.405490729510022296e-01
8.420796036110509419e-01
8.410885550481889128e-01
8.419677110584190549e-01
8.422634270794860933e-01
8.442814897393327023e-01
8.446611252892047839e-01
8.459119246438946416e-01
8.434862532579076033e-01
8.453804347521204354e-01
8.440257353550942865e-01
8.465513108331529368e-01
8.459119246438946416e-01
8.468150575752453335e-01
8.477181905065961365e-01
8.486772697904835239e-01
8.477141944038898425e-01
8.481257992327365658e-01
8.499320652478795646e-01
8.498161764400998797e-01
8.480898338510557410e-01
8.486492967666567910e-01
8.508991368896211549e-01
8.508551789976447344e-01
8.528652494520787553e-01
8.526094949153988356e-01
8.521459399891631037e-01
8.523976982706953365e-01
8.535445972781656732e-01
8.517063619840480326e-01
8.539002557544757011e-01
8.528892263731993051e-01
8.529491688284422946e-01
8.542599104859335268e-01
8.521779092681377454e-01
8.524296675496698672e-01
8.527213874680307226e-01
8.517423273657288574e-01
8.516983696261940517e-01
8.515585038972937060e-01
8.506313938923808493e-01
8.531409846547314269e-01
8.529891304652709172e-01
8.547194693094629647e-01
