3.940417199488491229e-01
5.182065218305953458e-01
5.752517584034854137e-01
6.115489131044549165e-01
6.413842710997442742e-01
6.603500640300838942e-01
6.789122443369892679e-01
6.935901535136620444e-01
7.053109015650151914e-01
7.154811381379051483e-01
7.236692775850710468e-01
7.335557864450127363e-01
7.413602940871587554e-01
7.488730818109439191e-01
7.548353580562660037e-01
7.614969629460893730e-01
7.645979859030155312e-01
7.715593030690537368e-01
7.754076086651638944e-01
7.809303069053707969e-01
7.832680626598464979e-01
7.882872443369892679e-01
7.935701726037828196e-01
7.949968030690537368e-01
8.015065537694164854e-01
8.066695972781656732e-01
8.103101023322786256e-01
8.111692775240944009e-01
8.154171994884910069e-01
8.181385870479866984e-01
8.234414961331945060e-01
8.254875319693094626e-01
8.300991049203116923e-01
8.308503836622018746e-01
8.321851023932551605e-01
8.353061061685956856e-01
8.372961956521739468e-01
8.403292839484446386e-01
8.427549553344316768e-01
8.457320972781656732e-01
8.467111573804675384e-01
8.462036445622553860e-01
8.497442455242967263e-01
8.518502238156545614e-01
8.520180627208231439e-01
8.562819694009278226e-01
8.537164322860405496e-01
8.562819694009278226e-01
8.565457161430203303e-01
8.543678069358591198e-01
