1.652683059577746860e+00
1.325674058836134428e+00
1.184016034426286668e+00
1.088015313648506899e+00
1.013195077171715974e+00
9.569157769003182601e-01
9.128927823222811044e-01
8.701598866821249612e-01
8.393828749961560476e-01
8.092303079412416222e-01
7.832551197627620754e-01
7.564569336678975686e-01
7.377061386547429933e-01
7.186162451953839181e-01
6.999442491232586994e-01
6.811068022952360135e-01
6.725915179533117350e-01
6.508800971995839513e-01
6.377718659770458265e-01
6.244187591325901510e-01
6.107456847225003482e-01
5.998205380214144400e-01
5.893830990852297891e-01
5.787907982878672808e-01
5.629018984182411200e-01
5.566960557952256305e-01
5.419116091850163519e-01
5.331920549997588576e-01
5.238957781620952048e-01
5.132075232617995253e-01
5.035007406607308056e-01
4.979945849579618389e-01
4.856144901736618169e-01
4.753582169637655674e-01
4.700408789812756116e-01
4.632165204076206244e-01
4.613793287283319278e-01
4.514998969671976115e-01
4.446991391270361804e-01
4.352291653223354650e-01
4.336173503905001447e-01
4.289178498413251939e-01
4.230244325097564650e-01
4.180842561413870007e-01
4.170831832891839785e-01
4.094388371385881409e-01
4.133332173156616385e-01
4.080327102900161429e-01
4.061333620182388526e-01
4.058759488794199677e-01
