1.789175451564056996e+00
1.521057453911627722e+00
1.407931865023834828e+00
1.333818634757605315e+00
1.271580772326730502e+00
1.223933695832176927e+00
1.177374512185831001e+00
1.140387721073901961e+00
1.098028523690255387e+00
1.069079768017429766e+00
1.039073432650407636e+00
1.017634310685765042e+00
9.969621601007173650e-01
9.694919517582945012e-01
9.485203044493789593e-01
9.342951631302114368e-01
9.135653545789401697e-01
8.923586263985889833e-01
8.819234852900590393e-01
8.650008186964732726e-01
8.517669667978116088e-01
8.339517802533591428e-01
8.215811168751143700e-01
8.062265242457085090e-01
7.914057236803156981e-01
7.783507785528821499e-01
7.694156185135512249e-01
7.599149568916281350e-01
7.427576394642100288e-01
7.356264803872998304e-01
7.204725490811535460e-01
7.088600462659850887e-01
6.999707578698082244e-01
6.889391158852735675e-01
6.843691512446878900e-01
6.688496404139282481e-01
6.631868566241105878e-01
6.595757413093391586e-01
6.525142490101591974e-01
6.445205373989651987e-01
6.373974442329553014e-01
6.325591917690414068e-01
6.250561930791801446e-01
6.236723575293255939e-01
6.177164619536046342e-01
6.123741831620941323e-01
6.129101872291711217e-01
6.101085897296896210e-01
6.074011607853042616e-01
6.090327143821570033e-01
