4.048313618925831192e-01
5.264905691146850586e-01
5.811381074778564360e-01
6.214993606747873933e-01
6.517063618620948517e-01
6.712196292474751358e-01
6.904731458410278133e-01
7.067095588540177609e-01
7.159446930641408802e-01
7.280450768178076126e-01
7.378436700462380760e-01
7.456441815856778010e-01
7.520060741992862230e-01
7.585437979234759265e-01
7.689018542199488326e-01
7.713954604190328412e-01
7.794237531664426344e-01
7.840073529411765163e-01
7.900375639995955712e-01
7.955442775240944009e-01
8.011309143222505869e-01
8.016464194983167202e-01
8.088874681221555063e-01
8.124760230788794502e-01
8.149936061990840086e-01
8.209079284497233786e-01
8.218470269151966212e-01
8.273897059738178905e-01
8.327365729510022296e-01
8.346867007977517572e-01
8.379395780965800400e-01
8.414322250639386658e-01
8.467431266594420691e-01
8.513826726342711426e-01
8.501358695347290828e-01
8.542998721227621495e-01
8.585877557239873781e-01
8.584079283582585207e-01
8.622682225673704570e-01
8.634231137802533818e-01
8.681106139022065626e-01
8.681625639995955712e-01
8.671275575447570105e-01
8.701046994884910069e-01
8.705922314882887925e-01
8.762947570942246633e-01
8.724944053403557165e-01
8.729459719584725663e-01
8.753876279077261735e-01
8.757432865364777053e-01
