1.630276394012334151e+00
1.309948999558568250e+00
1.171270036026644812e+00
1.065108766183828770e+00
9.838995573770664693e-01
9.291321952324693711e-01
8.777110829682606141e-01
8.332208991050720215e-01
8.057681939486042166e-01
7.762971935064896245e-01
7.477884998406900685e-01
7.250068603116838206e-01
7.037437902692028624e-01
6.851005244742879308e-01
6.630590349207143852e-01
6.486506354625877213e-01
6.281563289025250407e-01
6.142216919328246094e-01
6.002092623649655234e-01
5.851634359725600421e-01
5.672813453485289203e-01
5.616332464053502838e-01
5.467274349821192869e-01
5.315584717199320908e-01
5.183055241546972169e-01
5.086082486088013832e-01
5.007901550711267857e-01
4.883197560487195776e-01
4.731720119638516131e-01
4.687787818786738336e-01
4.546619578243216719e-01
4.482200951375009956e-01
4.324980606813260131e-01
4.233619846651316410e-01
4.171938455242025223e-01
4.119494917523830457e-01
4.004935276172960079e-01
3.970558019474034195e-01
3.880538778841647884e-01
3.831138086059819314e-01
3.742581008340391535e-01
3.741748562020719149e-01
3.678398018374162692e-01
3.621360089849023356e-01
3.595040147871617631e-01
3.490059283916907562e-01
3.520729733092705649e-01
3.548173781703500285e-01
3.493628637183962549e-01
3.534539943308476762e-01
