3.939058503988758786e-01
5.193014705882352811e-01
5.725263747412835391e-01
6.083559782608695121e-01
6.377997122457265133e-01
6.562619884605602749e-01
6.738610933808719672e-01
6.878756394471658986e-01
7.008791559797418191e-01
7.126118926440968560e-01
7.202565537389281625e-01
7.311940537694164854e-01
7.353140984654731316e-01
7.427070012787724274e-01
7.476062980454291074e-01
7.553668477955985949e-01
7.578244884605602749e-01
7.673313619230713867e-01
7.720268542504371556e-01
7.728860294422530419e-01
7.766464194068518623e-01
7.820931906285493174e-01
7.843470268542199753e-01
7.886069374316183600e-01
7.924592391304348116e-01
7.948849105164218498e-01
7.968070651869030296e-01
8.008671675801581902e-01
8.061500959993933568e-01
8.052030051760661333e-01
8.104219948849105126e-01
8.100223785166240642e-01
8.145780051150894874e-01
8.156130115699280481e-01
8.171475383326830544e-01
8.169437340458335362e-01
8.231297953964193947e-01
8.264026535136620444e-01
8.260869565217391353e-01
8.287204284497233786e-01
8.303228900255754663e-01
8.338115408902277981e-01
8.364729859944805002e-01
8.373121803678820196e-01
8.386788683779099474e-01
8.404132033248081779e-01
8.400335677749360963e-01
8.421635229874144812e-01
8.471867007672634342e-01
8.476382672329387802e-01
8.469669117647058432e-01
8.500839194373401853e-01
8.498041879795396047e-01
8.506313938923808493e-01
8.563738811351454538e-01
8.569653133297210346e-01
8.588395141579611147e-01
8.572450447875215040e-01
8.599064897393327023e-01
8.641863811351454538e-01
8.624600383936597003e-01
8.661325128791886874e-01
8.663123402449176558e-01
8.676550511813834188e-01
8.697650255754475479e-01
8.710078325722833137e-01
8.699528452990304972e-01
8.711117327670612198e-01
8.741008631713554911e-01
8.760909526549336412e-01
8.750119884605602749e-01
8.793638107721762909e-01
8.780730499330994254e-01
8.814418158872657783e-01
8.782169117647058432e-01
8.845068734625111118e-01
8.825047953659311828e-01
8.848465473755545707e-01
8.873361573194908924e-01
8.887787723480282676e-01
8.880394820666983602e-01
8.895020780660917170e-01
8.908887468945340116e-01
8.931226023017903026e-01
8.932984335648129770e-01
8.944653133906976805e-01
8.957560742297745460e-01
8.959558824139177702e-01
8.975023977896746663e-01
9.001158887468030390e-01
9.003716432834829586e-01
9.015465153147802502e-01
9.027413683169333014e-01
9.030930306905370353e-01
9.052509590792838789e-01
9.019621163987747714e-01
9.049312659846547868e-01
9.061381074473681130e-01
9.091112532883959263e-01
9.060342072525902068e-01
9.088075447570332921e-01
9.090712916515671926e-01
9.123361572585142465e-01
9.107856457800511674e-01
9.130634590792838789e-01
9.145140664656753460e-01
9.183304027828109728e-01
9.163722825782073533e-01
9.181505754170820044e-01
9.194613172270148516e-01
9.190217392218996695e-01
9.184223146694699969e-01
9.221667199183607444e-01
9.219709079893653181e-01
9.229140025575447437e-01
9.225983057180633384e-01
9.238890665571403149e-01
9.261269182195444039e-01
9.262507992327365658e-01
9.279531650531017695e-01
9.268981777798489530e-01
9.294597186395884281e-01
9.305266943734015195e-01
9.296675191815856332e-01
9.312140345573425293e-01
9.320891944648664884e-01
9.325407609305418344e-01
9.337635869565217295e-01
9.348785166850175354e-01
9.345628196930946263e-01
9.348585358666031686e-01
9.355059144137155558e-01
9.362132352636293176e-01
9.371163683474216244e-01
9.367527173608160007e-01
9.386109334733480081e-01
9.412284206856241786e-01
9.408647698514601698e-01
9.400495523991792002e-01
9.422474424247546665e-01
9.413602942091119363e-01
9.419916880405162507e-01
9.448968990684469826e-01
9.466072570942246633e-01
9.434223146084934619e-01
9.452965154367334311e-01
9.462915601023017542e-01
9.450527493606137863e-01
9.484215153147802502e-01
9.467471228231250091e-01
9.491288363171355158e-01
9.477461637438410191e-01
9.498721228536132211e-01
9.494325448484981500e-01
9.509830563269612291e-01
9.517782928083863281e-01
9.494045716722298023e-01
9.507073209718670537e-01
9.515185421690002254e-01
9.522578324503301328e-01
9.541959718365193854e-01
9.543558183838339870e-01
9.515425192425622791e-01
9.552389706492119270e-01
9.540241368286445089e-01
9.538762787418901823e-01
9.542279412679355310e-01
9.538243286445012847e-01
9.546035805626598147e-01
9.537044437340153058e-01
9.561660806541247837e-01
9.569773018512579554e-01
9.579883312325343514e-01
9.575047954878843637e-01
9.550871164597514174e-01
9.571211636828644842e-01
9.565736892278237091e-01
9.573249681221555063e-01
9.584518861587699723e-01
9.568853901170403242e-01
9.580522697904835239e-01
9.576766304957592402e-01
9.594549233346338912e-01
9.579603580562660037e-01
9.572290601327900772e-01
9.585717710692559512e-01
9.584119245219413497e-01
9.594229540556592495e-01
9.599424553344316768e-01
9.585198209718670537e-01
9.593470268847082982e-01
9.581481777798489530e-01
9.595588235294117974e-01
9.589913682559566555e-01
9.587515984349848086e-01
9.594349425162196354e-01
9.582001278772378505e-01
9.598225704239456979e-01
9.575767264036876281e-01
9.592591112531969610e-01
