1.657040186245423152e+00
1.331565712723890460e+00
1.188508197169779512e+00
1.095788762392595261e+00
1.021652916813140743e+00
9.688519939132358427e-01
9.204818193260055903e-01
8.807847926683742834e-01
8.496718146002201211e-01
8.166850543083132852e-01
7.950870452634514196e-01
7.706704776915137556e-01
7.521252962939269926e-01
7.329902022391023841e-01
7.150372782021837681e-01
7.001973130666386824e-01
6.895193554403836744e-01
6.700481600926050385e-01
6.542867348931938887e-01
6.444769238724428195e-01
6.374122706977912722e-01
6.209162774750643932e-01
6.143417805814377353e-01
6.033044233346533947e-01
5.907462992326683038e-01
5.828745857529018526e-01
5.753800146415105621e-01
5.684185868791301610e-01
5.574555630269257822e-01
5.486411534611831398e-01
5.424146005107314261e-01
5.380753293976454632e-01
5.258874148511520907e-01
5.205553434693904746e-01
5.172394195481029300e-01
5.131965654585367576e-01
5.028398145190284829e-01
4.934129456577398543e-01
4.933500159579469746e-01
4.830582628164754588e-01
4.791119489675897403e-01
4.690834407306388454e-01
4.653601647947755438e-01
4.600057381650675681e-01
4.580827132057960771e-01
4.518504767009364209e-01
4.506854671041679028e-01
4.434562408558243018e-01
4.348955400612043443e-01
4.286620994205669888e-01
4.274448750878843684e-01
4.233796469238408355e-01
4.186437100248263654e-01
4.186275713431560908e-01
4.075220629687199558e-01
4.005468942777580255e-01
3.951896312825210478e-01
4.000424983937417300e-01
3.939753041014342205e-01
3.834186647554188032e-01
3.853898751918616861e-01
3.794433173087551903e-01
3.752075408959327785e-01
3.696567894857558101e-01
3.657168138515003997e-01
3.613619638983245896e-01
3.656262262245578154e-01
3.587619417616168538e-01
3.487979758273609954e-01
3.491072420345243121e-01
3.496864977700021027e-01
3.413052074897015009e-01
3.403533263050991797e-01
3.306862306793022510e-01
3.356574057694286517e-01
3.240743832819906745e-01
3.257215557920048465e-01
3.213944163392571940e-01
3.145162931564823849e-01
3.132849247444925989e-01
3.087708689367679726e-01
3.070383047889870265e-01
3.070793021517946308e-01
2.987906834506012799e-01
2.975434883285666410e-01
2.946936183649560559e-01
2.911569881241035107e-01
2.906737839017072833e-01
2.850819982950340004e-01
2.823299967571902269e-01
2.790533707803472541e-01
2.762093156423715001e-01
2.723797194640654729e-01
2.712769621168560907e-01
2.652784661220772278e-01
2.706385815463712707e-01
2.642724425019815637e-01
2.594799899955844702e-01
2.546283479427437491e-01
2.575136496854560364e-01
2.498574858469426452e-01
2.476082883032081627e-01
2.444056029934102703e-01
2.444152941408059831e-01
2.393636366595392750e-01
2.366790946792153849e-01
2.276509961737391285e-01
2.339667281340760130e-01
2.291906926866687511e-01
2.247027765073434658e-01
2.249716089471526792e-01
2.246964208953216025e-01
2.174166648093696641e-01
2.160320942435423053e-01
2.161971201067385551e-01
2.112064348995837948e-01
2.085210911910552189e-01
2.054238035093488013e-01
2.036491150936812211e-01
2.033374730469015845e-01
2.003197525544544721e-01
1.952688797088840134e-01
1.938602640615094963e-01
1.931432810090386865e-01
1.894134671791740110e-01
1.861051766158979548e-01
1.872054436589445925e-01
1.860993873051670078e-01
1.828218915540238965e-01
1.833750375682283162e-01
1.814883605712819814e-01
1.758998667683137895e-01
1.765965362224737323e-01
1.728751720941585079e-01
1.739616219402121688e-01
1.683794405987805443e-01
1.636775539582952521e-01
1.649196550173832598e-01
1.664561264388396689e-01
1.594138065700793083e-01
1.600547290366629016e-01
1.593452033293826509e-01
1.542322305995789955e-01
1.500815063848367492e-01
1.552559766165740596e-01
1.495676112868596919e-01
1.494604132383528239e-01
1.527339736156908823e-01
1.451970220774488340e-01
1.461272743027990650e-01
1.417115312784224257e-01
1.454913274425527203e-01
1.390430218804522833e-01
1.425802805520536842e-01
1.369545750529564954e-01
1.351501533995046744e-01
1.402062195188858995e-01
1.370272177659794532e-01
1.336806524173378141e-01
1.336596648749488192e-01
1.292904991551738214e-01
1.294662174208999483e-01
1.336666650288854952e-01
1.265335304429159036e-01
1.298844221588748293e-01
1.300138615624374105e-01
1.280940573595826248e-01
1.261977421600952720e-01
1.268589057866722214e-01
1.263251726698997324e-01
1.242459494229930100e-01
1.205865307175137541e-01
1.196433960953179471e-01
1.193984631172683858e-01
1.234261588291134110e-01
1.194690258701896490e-01
1.216395025801323276e-01
1.188721592106934954e-01
1.190625559205136935e-01
1.196135275942437765e-01
1.177792651936068885e-01
1.176697964806233537e-01
1.163972529018169194e-01
1.195046179463415126e-01
1.162990900923681348e-01
1.180601496525737620e-01
1.175397310949042595e-01
1.139605146882784054e-01
1.141297401255353949e-01
1.158051712109762071e-01
1.139386026546016090e-01
1.166629151767477057e-01
1.149816512204039770e-01
1.145628875459703960e-01
1.152683682835010659e-01
1.141141769964524183e-01
1.162124576089937078e-01
1.146162764057326450e-01
1.168896417274042226e-01
1.111861225027028915e-01
