2.121805954772188141e+00
2.046223650503036673e+00
2.015742779997608647e+00
1.994099110898459370e+00
1.974351271034201716e+00
1.955902824621371217e+00
1.939367880906595287e+00
1.931487170021857214e+00
1.916296695504347003e+00
1.901209931849213719e+00
1.895042374920662187e+00
1.888681237959800807e+00
1.878307058073370728e+00
1.873250017385653443e+00
1.862136171297039233e+00
1.855448608203312366e+00
1.848466385051112715e+00
1.841230822950982615e+00
1.838158125157856260e+00
1.829565511640075526e+00
1.823871231749844446e+00
1.822535831300194031e+00
1.819030683668678039e+00
1.814420752208251164e+00
1.808774770678156729e+00
1.804579254001607680e+00
1.802615971516465354e+00
1.797919756616167986e+00
1.793986211957224297e+00
1.790219648414865583e+00
1.785451025304282124e+00
1.783788083459410201e+00
1.779334625929517744e+00
1.777035240017239781e+00
1.775639776683524351e+00
1.773567125315556492e+00
1.769708364820846258e+00
1.764648925617832598e+00
1.765744515392176694e+00
1.763024375566741186e+00
1.761294714934990457e+00
1.755301278265540832e+00
1.756078672226127679e+00
1.755117837120504953e+00
1.750928755306526918e+00
1.746924082336523298e+00
1.747903394272260380e+00
1.743292796337391204e+00
1.742854818358750668e+00
1.741994915106107600e+00
1.742121383052347872e+00
1.740197729576579144e+00
1.734732253167330374e+00
1.736649297387398816e+00
1.734402604115283797e+00
1.731831328948135518e+00
1.729832946187090048e+00
1.727589957854327007e+00
1.723896441557218440e+00
1.720428435089033314e+00
1.720241167051407949e+00
1.718365622908258006e+00
1.718810676918615110e+00
1.717941751870352807e+00
1.714050431690557597e+00
1.711835513334444947e+00
1.713534759438556154e+00
1.707735303417800887e+00
1.710818237965674005e+00
1.708525218622154007e+00
1.706394604099985779e+00
1.707422326287954872e+00
1.701083740005102873e+00
1.702229346155815337e+00
1.702385132270090917e+00
1.698613376263767183e+00
1.697563247607492221e+00
1.696034501580631071e+00
1.696182441223612836e+00
1.696337101099741229e+00
1.694247576891613649e+00
1.693039180982448322e+00
1.686391117932546369e+00
1.685631606280041384e+00
1.684349662812469450e+00
1.686226435634486265e+00
1.684943292147058402e+00
1.684775504919574063e+00
1.683274075198356368e+00
1.681239968675481755e+00
1.678407655042760460e+00
1.680141470926192149e+00
1.678783439614278894e+00
1.676970640106884014e+00
1.675126464165689999e+00
1.673186970793682615e+00
1.673870149170956001e+00
1.670482175429458760e+00
1.672796476527553144e+00
1.670026831614696672e+00
1.667544640848398929e+00
1.669040652492162158e+00
1.667400435718429108e+00
1.665672382125464202e+00
1.663519968766995483e+00
1.667057256869342918e+00
1.662040239404839248e+00
1.661730250739075654e+00
1.662654671827545450e+00
1.658303982766387907e+00
1.657984142108341663e+00
1.659027802060022427e+00
1.657553645046165869e+00
1.654775243281098485e+00
1.654062946739099260e+00
1.653779081676317375e+00
1.651497491180439425e+00
1.650505580255747562e+00
1.650320951895945409e+00
1.648411453837324014e+00
1.651162966133078669e+00
1.646721723439443341e+00
1.643706617148026128e+00
1.644305452666319223e+00
1.644703658340532115e+00
1.644776601315764308e+00
1.642924184994319470e+00
1.639573894803176390e+00
1.642084921717338775e+00
1.638585469606892220e+00
1.639445413713869870e+00
1.640030368514682868e+00
1.637921745514930638e+00
1.637203488203570645e+00
1.636862441706840254e+00
1.636178981007822442e+00
1.634437282981775041e+00
1.633168665649336049e+00
1.635088025456499228e+00
1.631959758756105883e+00
1.631147322142520562e+00
1.629319508667187222e+00
1.627674051257960386e+00
1.629881623760818465e+00
1.628503579312883032e+00
1.626884147029398653e+00
1.624682084678688909e+00
1.623764530167250308e+00
1.625738978995691530e+00
1.623758194086801776e+00
1.621185056998601715e+00
1.622174616664876723e+00
1.620695316273233155e+00
1.623904981576573148e+00
1.622294964083015545e+00
1.621419804480374705e+00
1.620311403823325724e+00
1.618183912218684073e+00
1.619332138229818918e+00
1.618455492931863526e+00
1.618441086595930445e+00
1.616393710036411857e+00
1.616329269640890853e+00
1.614765542547416111e+00
1.616838970147740140e+00
1.615479514422014207e+00
1.616726870427046325e+00
1.614087484681697715e+00
1.614871831806114599e+00
1.613966409202731711e+00
1.613734932811668799e+00
1.612415863120037596e+00
1.613117226554304784e+00
1.612412331354282635e+00
1.611116651074050887e+00
1.611110102185203008e+00
1.612330033955976516e+00
1.611742473014480259e+00
1.609885239540158608e+00
1.609825275743099082e+00
1.608307775329141043e+00
1.608064767344833390e+00
1.608664924531336693e+00
1.608522244426600523e+00
1.607701417125399379e+00
1.608954614995385723e+00
1.606899655078683153e+00
1.608102400894360073e+00
1.607890197078285288e+00
1.606875426324127165e+00
1.608841799714071374e+00
1.608197903998977329e+00
1.608362117691722881e+00
1.609122378746871806e+00
1.608395494158615602e+00
1.608861630834886869e+00
1.610077401866083502e+00
1.607559736732326883e+00
1.607514362201056590e+00
1.606455263884171147e+00
