3.920875959231725494e-01
5.189098465778029245e-01
5.770979859030155312e-01
6.117167520096234989e-01
6.394261508951406547e-01
6.598705243881400895e-01
6.769181585982632088e-01
6.895700127572355065e-01
7.046235613810741816e-01
7.157648656984119118e-01
7.231138107721762909e-01
7.329443734320227888e-01
7.392143543114138016e-01
7.460717711302325972e-01
7.525215793753523563e-01
7.590952686336643884e-01
7.634031330533039839e-01
7.663842710997442742e-01
7.718110613505858586e-01
7.790361254111580758e-01
7.821211636523761612e-01
7.899216751918158863e-01
7.910685741992862230e-01
7.953964194373401853e-01
7.990209399281865688e-01
8.020979859639921772e-01
8.061021420047106423e-01
8.107656650531017695e-01
8.135629796311069084e-01
8.175951086956522174e-01
8.201566497078331963e-01
8.252877237851662384e-01
8.271579283582585207e-01
8.309263108331529368e-01
8.321731137802533818e-01
8.342191496163683384e-01
8.368925831811812044e-01
8.407568734929994347e-01
8.435342072525902068e-01
8.423673274267055033e-01
8.455882352941176405e-01
8.491168477955985949e-01
8.502997123371914823e-01
8.498321611558079525e-01
8.520260550786772358e-01
8.548553389356569054e-01
8.520420396419436937e-01
8.556825448484981500e-01
8.546355499330994254e-01
8.534327045730922823e-01
