1.654584106277017019e+00
1.331287435253562856e+00
1.182577528916966214e+00
1.088005172779493046e+00
1.017776518526589458e+00
9.623977868148433368e-01
9.158817912306627118e-01
8.812718522518186992e-01
8.435262310535401875e-01
8.113176246433306815e-01
7.924414749645516398e-01
7.673000873202253658e-01
7.431780004592807298e-01
7.263978094700962451e-01
7.068416903086025549e-01
6.909630159130486504e-01
6.736557688706975577e-01
6.634686977966971488e-01
6.454094149877348530e-01
6.300727555818874670e-01
6.148749143266312167e-01
6.018169042856796880e-01
5.903635621833069891e-01
5.816456979650366232e-01
5.700935597157539281e-01
5.606090142141522126e-01
5.489678144302514440e-01
5.353006489593964412e-01
5.314138734432132249e-01
5.169939131230649743e-01
5.124980105311059964e-01
4.978652136862430355e-01
4.915472867391298406e-01
4.788829752093995418e-01
4.745334065173897886e-01
4.673742926334176206e-01
4.584332488839278907e-01
4.531337381019007182e-01
4.440290919502677958e-01
4.425568209051171098e-01
4.365183322707100744e-01
4.274014046277536671e-01
4.255815804614435649e-01
4.238887129308622770e-01
4.201543721396600040e-01
4.130082098800507695e-01
4.136623429977680511e-01
4.115229070643939835e-01
4.096437864901159576e-01
4.119468845064987450e-01
