3.435302109974424645e-01
4.478980179333015843e-01
4.915720908080830065e-01
5.204283887772913619e-01
5.396019820971866832e-01
5.630274936366264082e-01
5.780930307210253583e-01
5.927229859030155312e-01
6.067615090428716274e-01
6.197010870174983754e-01
6.308823529716647283e-01
6.389905691451733816e-01
6.445971867617439344e-01
6.570652174522809696e-01
6.628836317135550216e-01
6.678828325722833137e-01
6.746283568384702223e-01
6.846387468640456886e-01
6.896779092071610995e-01
6.941096547924344717e-01
6.981497762148337616e-01
7.053508632018438140e-01
7.093310421690002254e-01
7.137228261174448640e-01
7.198129796311069084e-01
7.244804987822042186e-01
7.283607736572890179e-01
7.313139386799024644e-01
7.362851662099209049e-01
7.412484015345268684e-01
7.457560741383096881e-01
7.477621483375959111e-01
7.529211957436388047e-01
7.567774936976030542e-01
7.569573210633319116e-01
7.647858056265984805e-01
7.653372761843454386e-01
7.675551470283352717e-01
7.706801470588234837e-01
7.726942136159637986e-01
7.742167519181585300e-01
7.738291240104323565e-01
7.786085358666031686e-01
7.789242327060845739e-01
7.801470588845060838e-01
7.827965153757568961e-01
7.841911765620531716e-01
7.845508312935109974e-01
7.850623402144293328e-01
7.860533887772913619e-01
