1.756521003020693916e+00
1.427904334214642246e+00
1.278895746868894623e+00
1.173088162451448868e+00
1.089358760572760376e+00
1.026295450947168897e+00
9.639935591031828510e-01
9.201765467443734359e-01
8.852126738604377820e-01
8.508716864354165521e-01
8.209205957324913205e-01
7.955528065524137826e-01
7.690111237108859799e-01
7.491817327259141512e-01
7.344007059893644662e-01
7.120345881223069107e-01
6.966822390513651708e-01
6.814073930158639492e-01
6.652679860287005198e-01
6.523636472042259049e-01
6.460911965431155313e-01
6.267245060495097997e-01
6.158410106473566348e-01
6.102574156678240991e-01
5.907539806097669155e-01
5.810630970141467122e-01
5.734489378721817632e-01
5.621016856349642099e-01
5.571743245319942250e-01
5.467244794454111378e-01
5.390125478777434420e-01
5.331681130639732702e-01
5.204580145723679552e-01
5.152828566863408843e-01
5.067543742601828827e-01
4.998296526691797803e-01
4.973147919263376515e-01
4.874332557858713222e-01
4.815470971109921949e-01
4.709735242149714063e-01
4.682692341182542739e-01
4.593350954372864559e-01
4.559964834119352717e-01
4.474523108633582935e-01
4.457303101906691101e-01
4.354517843640978714e-01
4.310021204945376216e-01
4.210612301326469020e-01
4.214252417959520325e-01
4.143138404773629158e-01
4.101446001121150098e-01
4.058041333999780065e-01
4.020368018189964254e-01
3.994034697561312797e-01
3.905777254372911345e-01
3.843795867908336161e-01
3.792208048998547132e-01
3.754007718371003555e-01
3.693562195733989806e-01
3.684739455618821768e-01
3.665632163472187788e-01
3.603180140409323329e-01
3.559723488814995340e-01
3.524556717528101735e-01
3.472906249334745121e-01
3.416770769430853005e-01
3.362817810776898564e-01
3.336397582460242650e-01
3.302183070832201417e-01
3.257477204589283026e-01
3.202236285981009956e-01
3.205472642884534817e-01
3.119440594368883546e-01
3.090223248123817879e-01
3.053728458674057622e-01
3.026061336250256417e-01
2.982443533361415211e-01
2.964571896568893306e-01
2.892624986217454675e-01
2.885561735200150024e-01
2.870064184946172214e-01
2.836471294503077889e-01
2.752550906308776635e-01
2.748397953827362850e-01
2.717899202423937344e-01
2.682272813013752422e-01
2.612333028479610353e-01
2.641268832528073096e-01
2.586726584969579190e-01
2.519344681745295245e-01
2.473473412835079654e-01
2.448874406345055155e-01
2.389518340949512154e-01
2.405955031171174430e-01
2.357616816144769978e-01
2.324827912327883384e-01
2.316875876596821426e-01
2.221252192240541767e-01
2.237874152105482628e-01
2.216083659311694487e-01
2.190543895449174883e-01
2.098172928594872200e-01
2.125645280265442139e-01
2.073141303666107549e-01
2.035064824554316532e-01
2.042885718443204768e-01
2.039288157201789020e-01
2.018434712306008127e-01
1.924208532780637415e-01
1.944402010773149114e-01
1.878862689294473476e-01
1.859379385400306284e-01
1.835472534894181107e-01
1.785406607305607130e-01
1.810969529325699989e-01
1.753487623465792844e-01
1.671144741079996221e-01
1.671692265002318878e-01
1.654244354447287901e-01
1.634221942833317398e-01
1.624644935950446401e-01
1.565950052322024333e-01
1.546583825536548551e-01
1.543318649463336356e-01
1.518553086006275421e-01
1.485674563137923954e-01
1.477898746690786691e-01
1.457348912192122647e-01
1.399584871804927522e-01
1.415556263359611378e-01
1.386245041418715795e-01
1.335902575050930963e-01
1.297165600158979304e-01
1.313670607822020608e-01
1.282231609439453413e-01
1.296847582463641901e-01
1.254864742269601319e-01
1.238494573346794053e-01
1.241882341625669128e-01
1.208429039143921468e-01
1.180456417334049268e-01
1.148275333692503064e-01
1.148334304561547947e-01
1.122572496628669869e-01
1.103293356650015822e-01
1.075194403052787406e-01
1.090229951045321027e-01
1.013616676754353907e-01
1.016370020187495615e-01
9.994783087173843283e-02
1.018808916058686620e-01
9.561187773942947388e-02
1.008765859162563533e-01
9.575371114570466191e-02
9.364557705457558778e-02
8.897579318422185746e-02
9.122120089771802720e-02
8.965001868374665450e-02
8.790503893895527943e-02
8.566225635940613592e-02
8.542107406746396459e-02
8.281770888287240395e-02
8.543600721994552838e-02
8.188009630802951799e-02
7.926328026253701142e-02
8.054708648482551692e-02
7.846007765987721150e-02
7.794901103143343779e-02
7.909451053022881206e-02
7.567158452404276758e-02
7.394180266315217298e-02
7.770600384744384692e-02
6.951531615641796946e-02
7.289436911625782334e-02
7.348172495718044428e-02
7.157082065387303238e-02
6.866034177486854406e-02
6.938733074032818471e-02
7.197151476722163377e-02
7.121629962969161509e-02
6.685549688175358718e-02
6.822941724754050252e-02
6.973975909102107795e-02
6.790966359074310232e-02
6.667519468204367861e-02
6.274874345220797511e-02
6.668571027619835112e-02
6.519344706288383862e-02
6.408452042295119389e-02
6.352701111484670982e-02
6.508265263960717750e-02
6.355606703816549241e-02
6.638478808095464589e-02
6.236608367522850083e-02
6.309424619645337406e-02
6.320717328530557622e-02
6.473103601990452816e-02
6.512400981686684853e-02
6.416994483565049978e-02
6.420187894112008853e-02
