3.741368286292571232e-01
5.011349104706893653e-01
5.647178708439897221e-01
6.083200128791886874e-01
6.387148337900790951e-01
6.598185741383096881e-01
6.782888427109974305e-01
6.955362852577053889e-01
7.095867967056801451e-01
7.183144182500327268e-01
7.271379476313091228e-01
7.401374680611788603e-01
7.483735613505858586e-01
7.517703004810206702e-01
7.575127877237851637e-01
7.641464194373401853e-01
7.711956522348896170e-01
7.760429987517158956e-01
7.806585678054244193e-01
7.849544437645036288e-01
7.908367967361684681e-01
7.910845589149942958e-01
7.977781330837923068e-01
8.039162404396954509e-01
8.052829284497233786e-01
8.080083121119252532e-01
8.096267584034854137e-01
8.149536445622553860e-01
8.149616369201094779e-01
8.213075448180098270e-01
8.237052430277285175e-01
8.244485294117647189e-01
8.296715153757568961e-01
8.313499041225599351e-01
8.330762468640456886e-01
8.361333120814369302e-01
8.381513747412835391e-01
8.409686701377029339e-01
8.439138428024623995e-01
8.459638747412835391e-01
8.473265664961636690e-01
8.503996164292630944e-01
8.539202365728900679e-01
8.542718989464938018e-01
8.548833121119252532e-01
8.571171675191815442e-01
8.595148657289002347e-01
8.643342392218996695e-01
8.640465154062451081e-01
8.680027174522809696e-01
8.693334399281865688e-01
8.699248721227621495e-01
8.731897378821507072e-01
8.704963234989234744e-01
8.724704284192351667e-01
8.756114130129899475e-01
8.801470587930411149e-01
8.797754156010230142e-01
8.823049871817879586e-01
8.857376918463450988e-01
8.850303708439897221e-01
8.874999999695116770e-01
8.870564258616903119e-01
8.882592710692559512e-01
8.929547633966217202e-01
8.925191816466543360e-01
8.917958759285909975e-01
8.959838555901861179e-01
8.969309462610718375e-01
9.006353900255754663e-01
8.997882032943198549e-01
9.017063618620948517e-01
9.018222506698745367e-01
9.042119565217391353e-01
9.065936701681912568e-01
9.074168798258847035e-01
9.070412403787188049e-01
9.108855498721227795e-01
9.117806905980609944e-01
9.122802110584190549e-01
9.126638427109974305e-01
9.158328004810206702e-01
9.190617008587284031e-01
9.177789322250639037e-01
9.185262148642479030e-01
9.203444693399511767e-01
9.207360933503836442e-01
9.229060101996907628e-01
9.245804028437875077e-01
9.224544437340153058e-01
9.259710677749360963e-01
9.274336637743293421e-01
9.267703005115089931e-01
9.297314578919764205e-01
9.286445013397489623e-01
9.301990089209183354e-01
9.330282929303396200e-01
9.348905051455778104e-01
9.354419757033247684e-01
9.392343350993398454e-01
9.373521419132456733e-01
9.389665921020995398e-01
9.390545077336108770e-01
9.416440217696186998e-01
9.396579283887468437e-01
9.429867327060845739e-01
9.451166880710045737e-01
9.437739769820971958e-01
9.429587596822577300e-01
9.461756714469636842e-01
9.472826086651638944e-01
9.481737532883959263e-01
9.502597506088978907e-01
9.505874360613810747e-01
9.514825767873192897e-01
9.508591751613275633e-01
9.523217711607208091e-01
9.545756073863914670e-01
9.541120524601558461e-01
9.555067136464521216e-01
9.561221227621483632e-01
9.552789322860405496e-01
9.566336316830666986e-01
9.568534206856241786e-01
9.571011828644501174e-01
9.603340793448640333e-01
9.604579603580563063e-01
9.609335038972937060e-01
9.616967710997442742e-01
9.624040921020995398e-01
9.634590793753523563e-01
9.651694374011300370e-01
9.657488811351454538e-01
9.659486893192886781e-01
9.665601023322786256e-01
9.674152814213882179e-01
9.665601023322786256e-01
9.674912084398976653e-01
9.681146100658895026e-01
9.691735934418486131e-01
9.698649297284958060e-01
9.711556905675726714e-01
9.706122123676798052e-01
9.705362851967287430e-01
9.714234335648129770e-01
9.722386508646523318e-01
9.728580562354963712e-01
9.758511828949384403e-01
9.740049552429667079e-01
9.746683185057871679e-01
9.750519501583655435e-01
9.752477622398024737e-01
9.758791560712067881e-01
9.758631713554987153e-01
9.784966432834829586e-01
9.768861893497770010e-01
9.776174872732528165e-01
9.779291880100279277e-01
9.769980819024088881e-01
9.795955882962706918e-01
9.789282289307440488e-01
9.794757033857848239e-01
9.798433504750966305e-01
9.812180306905370353e-01
9.803788363171355158e-01
9.808024297589841289e-01
9.807464834064474335e-01
9.810861573194908924e-01
9.806905370539106270e-01
9.806825448484981500e-01
9.813019502193421895e-01
9.813658887772913619e-01
9.818374360613810747e-01
9.831321931556057381e-01
9.831122123371914823e-01
9.829243926136085330e-01
9.827485613505858586e-01
9.825447570637363404e-01
9.836956521739130821e-01
9.842311381683934712e-01
9.833240089818949814e-01
9.843070651869030296e-01
9.822730179637899628e-01
9.839833759895676435e-01
9.847426470893118067e-01
9.843230499026111024e-01
9.844029731762683477e-01
9.839554028132991847e-01
9.841911765315648486e-01
9.846227621788259388e-01
9.843829923578540919e-01
9.851422634575982551e-01
9.845148657289002347e-01
9.847346547314578258e-01
9.843230499026111024e-01
9.849304668128947560e-01
9.858535805626598147e-01
9.844629156315113372e-01
9.830003197845595952e-01
9.832920397029203396e-01
