1.627563601564568252e+00
1.307282127535251748e+00
1.154698830583821278e+00
1.052007346964248358e+00
9.723887138659387253e-01
9.126898708855709641e-01
8.690917182456502355e-01
8.299574859611823507e-01
7.904466945496971819e-01
7.640224335443638326e-01
7.352244356251738111e-01
7.177419345397169081e-01
6.985735217171251676e-01
6.773728566706332943e-01
6.570558029672374234e-01
6.446820967032781402e-01
6.266427747428874317e-01
6.108976283951488284e-01
5.997938816352268443e-01
5.895310979517524030e-01
5.760102345205634355e-01
5.676949682747921555e-01
5.563458989343375016e-01
5.450060289839039340e-01
5.319067715378977823e-01
5.246568937283342393e-01
5.162145259130336283e-01
5.079359874091184945e-01
4.976116802228990887e-01
4.891116696093088523e-01
4.817287697054236095e-01
4.720189341956087525e-01
4.692126685167517519e-01
4.553441522676316411e-01
4.508568462355972417e-01
4.450739693763615668e-01
4.369668570320929257e-01
4.265041951175845836e-01
4.288155160596608395e-01
4.164771856097004288e-01
4.161515635678835201e-01
4.076303294705003188e-01
3.933713551220076599e-01
3.935075158734455680e-01
3.822457750739953752e-01
3.823733827875703262e-01
3.742017083994262916e-01
3.682963585914553195e-01
3.606544537160097930e-01
3.583581964759265936e-01
3.576744498346772771e-01
3.504943460835825420e-01
3.420816948041891514e-01
3.364221423940585431e-01
3.331367480556678418e-01
3.275902715256756581e-01
3.273348881460516613e-01
3.189169227543389162e-01
3.166287689638869751e-01
3.076829219337009480e-01
3.070889786076362871e-01
3.032170434665801828e-01
2.944893255029493173e-01
2.924139625428582856e-01
2.910955785333043111e-01
2.832307415583249499e-01
2.789172043314065430e-01
2.751999447489028583e-01
2.692265518943366964e-01
2.634186086523563342e-01
2.628754750465798207e-01
2.588932388426397613e-01
2.569902780491982730e-01
2.560583221371216522e-01
2.483465201066583083e-01
2.448039267907667071e-01
2.429361541557799875e-01
2.322210534035092366e-01
2.334857391160162499e-01
2.253224169621077244e-01
2.276713193377570554e-01
2.229228805169425065e-01
2.185937146777691964e-01
2.205089772182047547e-01
2.113681568209167527e-01
2.075412395931875709e-01
2.077373983838673999e-01
2.017499233412620718e-01
1.967253148212762259e-01
1.895186770564454837e-01
1.922726440231513623e-01
1.924021267296408266e-01
1.873599816771114590e-01
1.786101277908095919e-01
1.792328840555132419e-01
1.778677217948162470e-01
1.733757237644146798e-01
1.690073340435695737e-01
1.662383465682301664e-01
1.621371954203109367e-01
1.618398851750756651e-01
1.596343756827247051e-01
1.558210647776913371e-01
1.502914265312654540e-01
1.513400692635637479e-01
1.481743112606618007e-01
1.411575853748394671e-01
1.463887850894494969e-01
1.428592396933404396e-01
1.352553982144731326e-01
1.348522926687889256e-01
1.315092599386220584e-01
1.268429742921191317e-01
1.261197574951154754e-01
1.268883824653332937e-01
1.200814476031857730e-01
1.212832512872298318e-01
1.170622419013315485e-01
1.139800687275274310e-01
1.167676382891052467e-01
1.100874338537225910e-01
1.107044199629284298e-01
1.082129303432639023e-01
1.036794261001717371e-01
1.060178990444868713e-01
1.041711212595557989e-01
1.026637327888280243e-01
9.740918147308594288e-02
9.488571244184776377e-02
9.381892001423079719e-02
9.391230387170143579e-02
9.132485604270949853e-02
8.963003624564089278e-02
8.406118643672569335e-02
8.740669546548819613e-02
8.192668598897927257e-02
8.130041456988552906e-02
8.226377325480246916e-02
7.788552826894518111e-02
7.800889427266309573e-02
7.305628833982645565e-02
7.684321089140365435e-02
7.351401257697882941e-02
7.293422221708709130e-02
7.689033899827839302e-02
6.828189007175700098e-02
6.885713474620180907e-02
6.770712263701135492e-02
6.443109887811686309e-02
6.348676376444908898e-02
6.542129285604980637e-02
6.169237098073029196e-02
5.987580481659420667e-02
5.789512000701693001e-02
5.891724411741165734e-02
6.060642802782947175e-02
5.830681667713177169e-02
5.530571515726692700e-02
5.572411412244562823e-02
5.565160425270304634e-02
5.324382131057017048e-02
5.409297964337955733e-02
5.333692112894695275e-02
5.406371883266722356e-02
5.207221047080996118e-02
4.894442803195446501e-02
5.117759988893328532e-02
5.186636749026186932e-02
4.917491244538056000e-02
5.010347308881599876e-02
4.987795371562242508e-02
4.964423273711481704e-02
4.677875536253385536e-02
4.804375890137441846e-02
4.710663752892362000e-02
4.650749991674100331e-02
4.612259529626278054e-02
4.407028772432328156e-02
4.738446072106013846e-02
4.535132138025196880e-02
4.518489642283114727e-02
4.255727750351628869e-02
4.493946402721926692e-02
4.489938204374421815e-02
4.283532731073057959e-02
4.105832160014630250e-02
4.509098792110410175e-02
4.492764059058807630e-02
4.367750033240794250e-02
4.317166001590735935e-02
4.264876782260549476e-02
4.093116007464201594e-02
4.161779742564081924e-02
4.167704131154110342e-02
4.230315962096538318e-02
4.281230316475948677e-02
4.287026922964035786e-02
4.357756733122612747e-02
4.304509073653069867e-02
4.043971618716045435e-02
