4.059782609000535114e-01
5.275695333090584249e-01
5.863251279077261735e-01
6.254355819024088881e-01
6.542639066191280328e-01
6.804707481733063279e-01
6.942535166240408895e-01
7.092631075083447589e-01
7.217631074778564360e-01
7.315377237851662384e-01
7.422794117342175202e-01
7.489809782608695121e-01
7.552229859639921772e-01
7.647858056265984805e-01
7.688818734015345768e-01
7.732296994580026839e-01
7.810222186395884281e-01
7.862412085008743112e-01
7.914482097491584156e-01
7.929987212276214947e-01
7.965992647973473284e-01
7.988770780965800400e-01
8.028053069663474428e-01
8.088075448484981500e-01
8.130274936366264082e-01
8.150775255754475479e-01
8.177869245219413497e-01
8.216352302704930111e-01
8.253276854219948611e-01
8.284886509866056237e-01
8.277373720922738265e-01
8.336476982402070135e-01
8.353140985264497775e-01
8.373841112836852840e-01
8.409367008587284031e-01
8.427789322555522267e-01
8.461716752832807442e-01
8.484694694009278226e-01
8.486333120509487182e-01
8.516703964499257040e-01
8.522778133602093575e-01
8.542399296675191600e-01
8.586357097186700926e-01
8.606497762758104075e-01
8.647058824139177702e-01
8.656170077031225540e-01
8.661005434477725418e-01
8.684382992022482428e-01
8.711437020460357505e-01
8.716032608695651884e-01
8.737452046950454632e-01
8.746843031605185947e-01
8.773417520096234989e-01
8.802709399586747807e-01
8.796195653088562105e-01
8.831242007367751112e-01
8.833359975339202252e-01
8.868246483985725570e-01
8.853700447570332921e-01
8.908887468945340116e-01
8.902653452685421742e-01
8.922554347521204354e-01
8.941416240409206795e-01
8.942215473145780358e-01
8.958639706797002500e-01
8.982936381683934712e-01
9.002317775545827239e-01
9.017703005724855281e-01
9.036445012482841044e-01
9.056945333395467479e-01
9.053109015345268684e-01
9.066336318050198795e-01
9.079763427414857535e-01
9.078764386494141414e-01
9.104020141274727917e-01
9.119844948849105126e-01
9.126518542504371556e-01
9.153212915601023347e-01
9.164402173913043237e-01
9.192095587930411149e-01
9.171635231093677731e-01
9.215433184448105219e-01
9.208759590792838789e-01
9.213035486238386751e-01
9.233016304652709172e-01
9.256713554987212600e-01
9.249160806541247837e-01
9.274416559797418191e-01
9.281289961636828290e-01
9.322290601937667232e-01
9.317695013702372853e-01
9.310222187310533970e-01
9.330962275909950865e-01
9.368486253501814298e-01
9.362452046950454632e-01
9.366128516319157660e-01
9.377717390999464886e-01
9.388227302704930111e-01
9.394301470283352717e-01
9.414522059433295675e-01
9.421235614115625046e-01
9.420636189563195151e-01
9.433903453295188202e-01
9.454763428024623995e-01
9.457440856472610902e-01
9.486932545671682426e-01
9.497122763062987305e-01
9.462116368286445089e-01
9.485214194068518623e-01
9.532448849104859789e-01
9.505714514981145058e-01
9.528053069053707969e-01
9.538922634575982551e-01
9.543038682864449784e-01
9.550791241018973254e-01
9.563578964804139160e-01
9.565736892278237091e-01
9.580242967666567910e-01
9.587875639691072482e-01
9.587236254111580758e-01
9.609614770735621647e-01
9.604619566132041042e-01
9.608455882657824798e-01
9.628916241018973254e-01
9.623441496468565504e-01
9.632752557544757011e-01
9.636588875594955805e-01
9.657968351298280574e-01
9.651814258616903119e-01
9.660406010535061982e-01
9.670556266899303921e-01
9.679867327975495428e-01
9.679108056265984805e-01
9.698809142917623749e-01
9.687500000000000000e-01
9.702845269151966212e-01
9.705362851967287430e-01
9.704763427414857535e-01
9.724704284802117016e-01
9.727022059433295675e-01
9.736413044088026991e-01
9.731497763062987305e-01
9.743486254111580758e-01
9.753556585372866738e-01
9.734015345878308523e-01
9.752557544452150617e-01
9.765385230788794502e-01
9.756393862502349412e-01
9.773577366338666028e-01
9.775215792838874984e-01
9.774096867312556114e-01
9.786684782913578351e-01
9.789562021070123965e-01
9.803468670381609851e-01
9.792159527463986102e-01
9.781849425467078474e-01
9.796035806541247837e-01
9.805346867617439344e-01
9.803268862197466182e-01
9.813459079588771061e-01
9.814657928693629740e-01
9.808024297589841289e-01
9.813139386799024644e-01
9.815537085008743112e-01
9.823049872427644935e-01
9.828045077031225540e-01
9.827525576057336565e-01
9.820532289612323718e-01
9.832201087871170753e-01
9.826766304347825942e-01
9.827445652478795646e-01
9.830522698819484928e-01
9.839394182500327268e-01
9.839793798868613495e-01
9.835717711607208091e-01
9.840033568079818993e-01
9.843789962551477979e-01
9.851502558154523470e-01
9.835637788028668282e-01
9.839314258921786349e-01
9.847026854524831840e-01
9.853220908233272235e-01
9.855698530021530512e-01
9.848145780051150711e-01
9.857416880100279277e-01
9.863331202046036195e-01
9.846387468945340116e-01
9.848705243576517665e-01
9.853660485628620291e-01
9.849344629156010500e-01
9.856537723785165905e-01
9.861213235599001203e-01
9.853540601023017542e-01
9.864530051150894874e-01
9.859295077336108770e-01
9.854739450127877332e-01
9.860493926440968560e-01
9.856697570942246633e-01
9.848625319997977856e-01
9.866328324808184558e-01
