1.602621483604621533e-01
2.439098465625587353e-01
2.818534207313566631e-01
3.292639066496163558e-01
3.788083440355022868e-01
4.570772058671087601e-01
4.794277493911021093e-01
5.156010230026586427e-01
5.438299232431690333e-01
5.502877238461428844e-01
5.746882992327365658e-01
5.864929668128947560e-01
6.032328963889490581e-01
6.118126598465473132e-01
6.200727302095164761e-01
6.283967391304348116e-01
6.401494565369832968e-01
6.469549233346338912e-01
6.535445971562124923e-01
6.642782928998512970e-01
6.680826407564265379e-01
6.757552750275263032e-01
6.784526855134598300e-01
6.889546036415392649e-01
6.920196612167845984e-01
6.949888108026646139e-01
7.003796355193837586e-01
7.055706522044014051e-01
7.104699488186165812e-01
7.148817135854754756e-01
7.152973146694699969e-01
7.208479859335038542e-01
7.239410166850175354e-01
7.263467072525902068e-01
7.288283248386724367e-01
7.318454284192351667e-01
7.345828005419973161e-01
7.346986893497770010e-01
7.367167520096234989e-01
7.399136829559150863e-01
7.441456202046036195e-01
7.426870204603580605e-01
7.433623721837387954e-01
7.479339833454707875e-01
7.462795716722298023e-01
7.494804987212275726e-01
7.462595908538155465e-01
7.496043798868613495e-01
7.486293158872657783e-01
7.468030690537084126e-01
