3.715168279455141054e+00
1.928505049642089686e+00
1.851565165897769427e+00
1.775823411124441531e+00
1.655199487191027163e+00
1.482699870148583177e+00
1.509949404870152723e+00
1.352344905628877436e+00
1.283913873955416785e+00
1.285701378532077888e+00
1.192385256290435791e+00
1.162629750683484398e+00
1.122056017903720671e+00
1.096703015782339197e+00
1.078488777360647743e+00
1.048228959293316720e+00
1.026119706118503228e+00
1.004884766800629103e+00
9.869829995552902302e-01
9.633767292322710230e-01
9.496831916787130679e-01
9.338409130835472194e-01
9.186994226082511039e-01
9.018909018057996718e-01
8.860380937681173741e-01
8.806726014827523930e-01
8.667213829886882825e-01
8.501680106153268746e-01
8.342672900470626818e-01
8.249029402842606995e-01
8.185305488688866538e-01
8.050706778340936953e-01
8.000012889237659852e-01
7.914649263367323773e-01
7.820821666656552207e-01
7.727889432321728425e-01
7.678695625966162064e-01
7.633016354135234716e-01
7.617711769345471007e-01
7.531182128755028460e-01
7.431886539892162968e-01
7.395833630848418494e-01
7.399659907573934436e-01
7.285431928341955521e-01
7.312973369570339166e-01
7.267004121142579542e-01
7.272097989726249434e-01
7.220019481676008821e-01
7.199848767589119847e-01
7.252719005203003277e-01
