1.624388574639244798e+00
1.337699453544128891e+00
1.211324174385851382e+00
1.125287752017340770e+00
1.056521733093749527e+00
1.004336945845952789e+00
9.597638285983248752e-01
9.215606277251182643e-01
8.863458938305944779e-01
8.578941408935409907e-01
8.249185435912188558e-01
8.054916445556503657e-01
7.856635213508020854e-01
7.610356522643048072e-01
7.404867052422154927e-01
7.239215642290042219e-01
7.098222848247078831e-01
6.938679915712312463e-01
6.753474525021164743e-01
6.652010939157831926e-01
6.478625521483019067e-01
6.364386338559563372e-01
6.245867980410680920e-01
6.117944350785307073e-01
6.001693784733257431e-01
5.901947878205867637e-01
5.746491373042621476e-01
5.721923491686505825e-01
5.587194031461730770e-01
5.542630650808134662e-01
5.435003116155219249e-01
5.324369220782423362e-01
5.248698863531927605e-01
5.136895428228256399e-01
5.052961651474008331e-01
4.984357592547336013e-01
4.947370392892062041e-01
4.936810092395528815e-01
4.792741696395532713e-01
4.816156581539632331e-01
4.690112340480775410e-01
4.735219877241822473e-01
4.662966099389068697e-01
4.606333405084317434e-01
4.589596729906623707e-01
4.576317257512256265e-01
4.553714165907076783e-01
4.503450299544102808e-01
4.529326449879599870e-01
4.542067267400834440e-01
