2.274976022865461134e-01
3.221627238308987229e-01
3.741568094476714346e-01
4.181465793143757659e-01
4.515385230636352887e-01
4.875279731305359188e-01
5.127637467878248811e-01
5.365688939533574953e-01
5.525575447875215040e-01
5.683583759743234820e-01
5.869844949153988356e-01
6.023177749970379802e-01
6.120564259226669579e-01
6.224784207770891475e-01
6.303468669771843391e-01
6.392143542504371556e-01
6.527253836012252286e-01
6.565257353550942865e-01
6.686301150590258091e-01
6.778892263427109821e-01
6.812539961941711519e-01
6.920796036720275879e-01
6.985653772988282828e-01
7.036644820971866832e-01
7.095028773293166058e-01
7.169517263427109821e-01
7.206042200098257133e-01
7.269061701681912568e-01
7.342591113446618190e-01
7.393941816771426589e-01
7.418438299842502470e-01
7.456242007672634342e-01
7.522258632018438140e-01
7.555386829559150863e-01
7.646539322555522267e-01
7.660525895445547961e-01
7.716751918768334217e-01
7.736572890025575910e-01
7.763866687674656486e-01
7.786764706797002500e-01
7.857656649616368005e-01
7.891464195288050432e-01
7.929827366643549258e-01
7.930506713250103923e-01
7.955562659846547868e-01
7.965872761843454386e-01
7.981377878152501326e-01
7.979100064548385607e-01
7.997202685726877425e-01
8.004715473145780358e-01
