2.092555414075436993e+00
1.754628850371026560e+00
1.646996033466075593e+00
1.561154081693390649e+00
1.491991597368284239e+00
1.428343139036232223e+00
1.372927186739109295e+00
1.326003666728963637e+00
1.283286653211354489e+00
1.247539035194670243e+00
1.198479871920612450e+00
1.167014991840743088e+00
1.143001052424730934e+00
1.115630535670863344e+00
1.087777663832125485e+00
1.071436655338462884e+00
1.038396013972094689e+00
1.022571222099196930e+00
9.884887980987958622e-01
9.727044596391565268e-01
9.612067427171770984e-01
9.299155482855598898e-01
9.118584522505854828e-01
8.947064100628923100e-01
8.811743884440272900e-01
8.613786487018361138e-01
8.432426146229209385e-01
8.341513939220887019e-01
8.090846570556425865e-01
7.988377525221050934e-01
7.853519602504837049e-01
7.750040916225794385e-01
7.551621954764247135e-01
7.438298630744905049e-01
7.241502244911535158e-01
7.123289931460720092e-01
6.986704132593500871e-01
6.910763530779981956e-01
6.800124563676926970e-01
6.688795855740452545e-01
6.414635724881115886e-01
6.271066610008249054e-01
6.152762031311269642e-01
6.147187125042575806e-01
6.040340592641659789e-01
6.007347659534200135e-01
5.937413279052889958e-01
5.943150856458317977e-01
5.911839415350228499e-01
5.883890719669858660e-01
