3.569213555139653660e-01
4.820052749665497127e-01
5.411604859335038542e-01
5.840113490743710223e-01
6.107776535441503674e-01
6.387787723480282676e-01
6.609255115089514021e-01
6.775135870479866984e-01
6.896659207466008246e-01
7.027213875290072576e-01
7.125679347521204354e-01
7.227541560407184651e-01
7.297074808489025788e-01
7.356617647363706824e-01
7.420196610948314175e-01
7.515744885520252438e-01
7.572090793448640333e-01
7.630434783218461581e-01
7.681226023017903026e-01
7.710437980454291074e-01
7.744565217391304879e-01
7.808383951711532767e-01
7.823569373706417140e-01
7.871683185057871679e-01
7.921954923883423039e-01
7.959718670686493081e-01
7.977541560102301421e-01
8.040840793448640333e-01
8.055426790891095923e-01
8.080083121119252532e-01
8.109215153452685731e-01
8.114769821581633291e-01
8.167639066801046788e-01
8.191775896055314421e-01
8.226782289307440488e-01
8.235613810436804849e-01
8.254076086956522174e-01
8.270180626293582860e-01
8.303788363781121618e-01
8.346227622398024737e-01
8.346867007977517572e-01
8.371083759285909975e-01
8.394701087566287523e-01
8.430506713554987153e-01
8.425391624345803798e-01
8.457081202046036195e-01
8.458399935756497623e-01
8.493805946901326065e-01
8.512388108026646139e-01
8.544397378516623842e-01
8.547993925831202100e-01
8.539522058518645986e-01
8.560581841432225447e-01
8.583719629765776959e-01
8.629395780356033940e-01
8.629275895750431191e-01
8.652093989769821247e-01
8.669077685421995305e-01
8.675631394471658986e-01
8.693494246438946416e-01
8.693414322860405496e-01
8.718749999695116770e-01
8.732496803373936967e-01
8.750279731762683477e-01
8.751878197235829493e-01
8.773697250334503428e-01
8.792878836012252286e-01
8.810581842346874026e-01
8.823409527159102872e-01
8.834758632628204600e-01
8.847826086651638944e-01
8.856857417489562012e-01
8.896259590792838789e-01
8.877957161430203303e-01
8.911125319997977856e-01
8.915680947206209295e-01
8.938139385884374954e-01
8.934303069358591198e-01
8.965912723480282676e-01
8.953884271404627393e-01
8.971587276214834095e-01
8.994245524601558461e-01
9.011788683779099474e-01
9.024816176775470877e-01
9.020540281329922916e-01
9.042399296980074830e-01
9.056665601632784002e-01
9.057584718974960314e-01
9.077405690232200897e-01
9.105298913958127516e-01
9.104939258616903119e-01
9.118526215138642588e-01
9.132912404396954509e-01
9.132872443369892679e-01
9.158807544757032737e-01
9.167479220253732519e-01
9.172074808489025788e-01
9.196571291560102779e-01
9.186980498721227795e-01
9.201886188953428691e-01
9.218909847157080728e-01
9.241168479175518868e-01
9.240049552124784960e-01
9.247522378516623842e-01
9.264745844904419547e-01
9.271699168797954416e-01
9.265305306905370353e-01
9.272258632323321370e-01
9.298873081841432242e-01
9.308184142917623749e-01
9.329763426805091076e-01
9.326766304042942712e-01
9.323289642858383353e-01
9.369205562659846942e-01
9.341751917853684528e-01
9.361093350688515224e-01
9.392023658203652037e-01
9.399976023017903026e-01
9.403013108331529368e-01
9.416160485933503521e-01
9.421075766958544317e-01
9.438059462610718375e-01
9.445452365424017449e-01
9.442375320607744316e-01
9.459838554682329370e-01
9.474504475703324768e-01
9.466432224759055991e-01
9.481777493911021093e-01
9.496403452380538512e-01
9.492047634880865781e-01
9.499280690537084126e-01
9.516224425162196354e-01
9.526094949763753705e-01
9.519341432529947467e-01
9.542479220863497869e-01
9.550431585677748858e-01
9.550031969309462632e-01
9.558383952016415996e-01
9.562180307515136812e-01
9.562060422909534063e-01
9.576286765010765256e-01
9.590632993242015347e-01
9.581641624955570258e-01
9.599504475398441539e-01
9.611293158262891323e-01
9.613690856472610902e-01
9.611932545366799197e-01
9.640265344963658833e-01
9.640185422909534063e-01
9.650295716722298023e-01
9.630115090123833044e-01
9.654052109669541970e-01
9.640984655646107626e-01
9.663802749665496572e-01
9.670835997137572360e-01
9.690617007367751112e-01
9.668198529716647283e-01
9.678348786080889221e-01
9.696371483680842340e-01
9.700647379126390302e-01
9.699648338205674181e-01
9.705682544757032737e-01
9.692335358970914916e-01
9.707560741992862230e-01
9.712515985569381005e-01
9.708000319388211397e-01
9.718989769516088728e-01
9.724744245829179956e-01
9.723825128487003644e-01
9.736093351298280574e-01
9.735014386799024644e-01
9.723145780356033940e-01
9.749320652478795646e-01
9.748801151504906670e-01
9.740968669771843391e-01
9.754315857082376251e-01
9.752277814213882179e-01
9.745084719584725663e-01
9.752197890635341260e-01
9.751598466082912475e-01
9.761908568079818993e-01
9.759550830897163465e-01
9.754635549872122668e-01
9.755514706187236040e-01
9.763906649921251235e-01
9.776814258312021000e-01
9.763067456157615842e-01
9.769421355498720816e-01
9.775895140969844688e-01
9.775175831811812044e-01
9.767583120814369302e-01
9.776374680916671833e-01
9.767902813604115719e-01
9.781210038363171710e-01
9.777733375654196202e-01
9.771898977286980204e-01
9.775775256364241939e-01
9.771059783523344811e-01
9.774896100049128567e-01
9.774096867312556114e-01
