4.033847506851186426e-01
5.155650575447570105e-01
5.653972186700767510e-01
5.972586316830666986e-01
6.230698529716647283e-01
6.431545715807648333e-01
6.592351343015880882e-01
6.758431905065961365e-01
6.891823850019508368e-01
6.977181905675726714e-01
7.091911764400998797e-01
7.147538363171355158e-01
7.206002237546779154e-01
7.321131714164753612e-01
7.387028452380538512e-01
7.456641624040920568e-01
7.484414961636828290e-01
7.553828325113067788e-01
7.627717392218996695e-01
7.663562979234759265e-01
7.714913682559566555e-01
7.767423273962171804e-01
7.811820651869030296e-01
7.858096228536132211e-01
7.893022698209718468e-01
7.923992966751918221e-01
7.975743286445012847e-01
7.989769821886516521e-01
8.012068414932016491e-01
8.040840793448640333e-01
8.086996483985725570e-01
8.096267584034854137e-01
8.134550831811812044e-01
8.205482737182656638e-01
8.211996483680842340e-01
8.235214194068518623e-01
8.250479539641943916e-01
8.248921036720275879e-01
8.318494245829179956e-01
8.297074809098792247e-01
8.327605498721227795e-01
8.325247763062987305e-01
8.349944054318205744e-01
8.369285485628620291e-01
8.382113171965265286e-01
8.387428069358591198e-01
8.385909527463986102e-01
8.417559144137155558e-01
8.404171995799559758e-01
8.388866687674656486e-01
